2 0.59857
3 0.47180
4 0.41109
5 0.38576
6 0.38882
7 0.37760
8 0.37353
9 0.38300
10 0.37948
2 0.61895
3 0.47150
4 0.41098
5 0.38590
6 0.38169
7 0.38505
8 0.37338
9 0.38391
10 0.37911
2 0.59902
3 0.47186
4 0.44640
5 0.38557
6 0.38195
7 0.38363
8 0.37966
9 0.37528
10 0.38296
2 0.58915
3 0.47194
4 0.44685
5 0.38540
6 0.38119
7 0.37784
8 0.38113
9 0.37796
10 0.38087
2 0.59882
3 0.47192
4 0.41144
5 0.38586
6 0.38180
7 0.38415
8 0.38832
9 0.37655
10 0.37939
2 0.58953
3 0.47200
4 0.44653
5 0.38547
6 0.38120
7 0.37791
8 0.37358
9 0.37536
10 0.38053
2 0.59855
3 0.47231
4 0.41137
5 0.38589
6 0.38230
7 0.37733
8 0.37973
9 0.37623
10 0.38115
2 0.59781
3 0.47192
4 0.41111
5 0.38573
6 0.38110
7 0.37837
8 0.37357
9 0.37588
10 0.37839
2 0.58962
3 0.47205
4 0.41102
5 0.38560
6 0.38172
7 0.37824
8 0.37375
9 0.38252
10 0.38067
2 0.59804
3 0.52930
4 0.41152
5 0.38594
6 0.38233
7 0.37726
8 0.38064
9 0.37710
10 0.38142
2 0.59002
3 0.47178
4 0.41134
5 0.38598
6 0.38139
7 0.37748
8 0.37337
9 0.37659
10 0.38302
2 0.59839
3 0.47218
4 0.44588
5 0.38618
6 0.38213
7 0.37776
8 0.37326
9 0.37641
10 0.37999
2 0.58919
3 0.47211
4 0.41167
5 0.38568
6 0.38196
7 0.37720
8 0.38026
9 0.37650
10 0.37940
2 0.58906
3 0.47221
4 0.41113
5 0.38585
6 0.38123
7 0.37713
8 0.37964
9 0.37619
10 0.37869
2 0.58981
3 0.47198
4 0.41111
5 0.38558
6 0.38840
7 0.37755
8 0.38101
9 0.37647
10 0.37942
2 0.59880
3 0.47170
4 0.41152
5 0.38592
6 0.38235
7 0.37773
8 0.38186
9 0.37566
10 0.37929
2 0.58918
3 0.47232
4 0.41180
5 0.38560
6 0.38162
7 0.37698
8 0.37380
9 0.37578
10 0.38030
2 0.58964
3 0.47184
4 0.41131
5 0.38531
6 0.38092
7 0.37811
8 0.37386
9 0.37674
10 0.37859
2 0.59822
3 0.47142
4 0.41065
5 0.38574
6 0.38133
7 0.37824
8 0.38025
9 0.37702
10 0.38265
2 0.58958
3 0.47210
4 0.41149
5 0.38543
6 0.38175
7 0.38414
8 0.37407
9 0.37549
10 0.38013
