2 0.19818
3 0.17012
4 0.15082
5 0.14742
6 0.14742
7 0.14964
8 0.14848
9 0.14852
10 0.15094
2 0.19717
3 0.17023
4 0.16532
5 0.14721
6 0.14759
7 0.14564
8 0.14805
9 0.14869
10 0.15137
2 0.19772
3 0.16980
4 0.17064
5 0.14668
6 0.14733
7 0.14991
8 0.14715
9 0.14901
10 0.15025
2 0.19799
3 0.17049
4 0.15183
5 0.15131
6 0.14789
7 0.14799
8 0.14609
9 0.14955
10 0.15005
2 0.19800
3 0.17068
4 0.15158
5 0.14714
6 0.14734
7 0.14814
8 0.14806
9 0.14902
10 0.15177
2 0.19762
3 0.17080
4 0.15110
5 0.14721
6 0.14745
7 0.14553
8 0.14849
9 0.14886
10 0.15039
2 0.19796
3 0.17014
4 0.15097
5 0.14684
6 0.15005
7 0.14542
8 0.15032
9 0.14775
10 0.15150
2 0.19807
3 0.17036
4 0.15156
5 0.15139
6 0.14722
7 0.15022
8 0.14937
9 0.14861
10 0.15118
2 0.19815
3 0.17028
4 0.15139
5 0.14677
6 0.14531
7 0.15055
8 0.15271
9 0.14919
10 0.15591
2 0.21450
3 0.17035
4 0.15075
5 0.14914
6 0.14749
7 0.14574
8 0.14816
9 0.14797
10 0.15211
2 0.19777
3 0.17970
4 0.15127
5 0.16565
6 0.14748
7 0.14662
8 0.15031
9 0.14941
10 0.15182
2 0.19711
3 0.16947
4 0.16640
5 0.15167
6 0.14477
7 0.14855
8 0.14615
9 0.15312
10 0.15119
2 0.19811
3 0.17012
4 0.15142
5 0.15178
6 0.14758
7 0.15029
8 0.14796
9 0.14853
10 0.15404
2 0.19718
3 0.17031
4 0.15122
5 0.14709
6 0.14773
7 0.14530
8 0.14830
9 0.15080
10 0.15173
2 0.19800
3 0.17031
4 0.15157
5 0.14698
6 0.14527
7 0.14686
8 0.15241
9 0.14830
10 0.15098
2 0.19780
3 0.17047
4 0.15147
5 0.14717
6 0.15390
7 0.14565
8 0.15218
9 0.14850
10 0.15141
2 0.19816
3 0.17923
4 0.15145
5 0.14677
6 0.14607
7 0.14553
8 0.14943
9 0.15018
10 0.15377
2 0.19801
3 0.17010
4 0.15146
5 0.14706
6 0.14751
7 0.14584
8 0.14783
9 0.15140
10 0.15377
2 0.19763
3 0.17046
4 0.15164
5 0.15169
6 0.14758
7 0.14595
8 0.14801
9 0.14872
10 0.15154
2 0.19791
3 0.17002
4 0.15147
5 0.14665
6 0.14489
7 0.14674
8 0.14880
9 0.14780
10 0.15004
